(1,7) (3,14) 
(3,19) 
(1,2) 

(1,2) (2,10) 
(2,12) (4,9) 


(1,2) 

(1,2) 

(1,2) 

(2,2) 

(1,2) 

(1,2) 

(4,2) 

(4,2) 

(4,2) 



(1,3) (2,3) (3,3) (4,3) (5,3) 

(1,2) (2,2) (3,2) (4,2) (5,2) 
(1,8) (2,8) (3,8) (4,8) (5,8) 
(2,3) (3,3) 


(2,2) (4,2) 

(3,10) 
(1,8) (2,8) (6,8) 
(1,4) (2,4) (6,4) 


(3,2) (4,2) (5,7) (6,2) 
(5,9) 
(2,2) 

(4,4) 

(4,2) 

(3,2) 

(3,2) 

(2,2) 
(2,8) 
(5,2) 



(2,13) 
(2,3) (2,9) 
(3,2) 

(2,7) 

(2,2) 
(2,10) 
(1,3) (5,3) (7,3) 

(3,2) 



(1,2) 

(2,2) 

(2,2) 

(1,2) 

(1,2) 

(1,2) 

(2,3) 
(2,2) 
(3,2) 
(3,2) 
(2,9) (3,14) (4,2) (5,14) 
(3,10) (4,6) (5,10) 
(2,2) 
(2,4) 
(2,4) 
(2,8) 
(4,2) 

(3,3) 
(2,9) 
(3,5) (4,2) 

(2,18) (4,5) (4,16) 
(2,10) 
(3,4) 

(2,8) (4,3) 
(2,5) (4,2) 
(3,2) 

(1,5) (4,2) 

(1,2) (2,2) 



(1,2) 

(1,4) 

(2,2) (4,2) 

(3,2) 

(2,7) (3,2) 
(2,11) (3,2) 
(2,15) (3,5) (3,11) 
(2,14) 


(2,6) (3,3) (3,8) 
(3,2) 
(2,7) (3,2) 

(3,4) (4,4) 
(2,4) 
(2,7) (3,7) 
(2,9) (3,9) 
(1,2) (2,2) 

(1,7) (2,15) 
(1,7) (2,14) 
(1,2) (2,11) 
(2,13) (2,20) (3,17) 
(1,2) (2,14) 
(2,12) 
(1,2) (4,2) 

(2,2) (5,7) (6,2) 
(1,18) (2,7) (6,7) 
(1,5) (2,9) (6,5) (7,5) 
(2,10) 
(2,3) (3,10) 
(3,8) 
(3,2) 

(2,2) 
(1,13) (2,4) 
(5,2) 
(1,2) 
(1,4) 

(1,2) 
(1,4) 
(1,4) (4,9) 
(4,16) 
(3,2) 

(2,2) 

(1,2) 

(2,3) 

(1,2) 

(2,14) (2,15) 



(2,2) (3,2) (8,2) (10,2) 

(2,16) 

(1,2) (3,2) 

(1,2) (3,2) 
(1,4) (3,4) 
(1,2) (2,2) (3,2) 
(1,2) (2,2) (3,2) 
(1,2) (3,2) 

(1,2) 

(1,2) 

(1,4) 
(4,6) 
(2,2) 

(5,3) 

(2,4) (3,4) 



(1,2) (2,2) 
(1,2) (2,2) 
(2,2) (3,2) 

(2,3) 

(2,5) 

(5,2) 
(1,2) (2,2) (3,2) (4,2) (6,2) (8,2) (9,2) (10,2) 
(5,2) 

(1,2) 



(5,4) 
(5,4) 
(6,2) 

(3,2) 

(2,6) (3,2) 

(3,9) (3,10) (4,5) 
(1,10) (3,11) 
(3,17) (3,18) (4,4) 
(3,12) 
(3,2) 

(1,4) 

(2,4) 

(2,4) 

(2,2) 

(1,2) 

(5,2) 

(1,2) 

(1,2) 

(2,5) (2,13) (5,5) (5,13) 
(1,3) (6,3) 
(4,2) 
(4,6) 
(1,5) 
(4,5) 
(1,2) 

(1,2) 

(2,7) (3,7) 

(1,7) (3,2) 
(1,16) 
(1,2) 

(1,6) (3,2) 
(1,8) 
(1,4) 

(2,2) 

(1,4) 

(3,2) 

(2,2) (2,5) (4,2) (4,5) 

(1,2) (3,2) (6,2) 



(2,2) 

(2,3) 

(1,10) (2,3) 
(1,13) 
(2,2) 

(2,15) 
(2,16) 
(5,2) 
(1,17) 
(5,2) 
(5,16) 


(2,2) 

(2,3) (3,3) 

(2,4) 

(1,4) (3,4) 
(1,4) (3,4) 
(1,2) (2,2) 
(1,16) (2,16) 
(2,2) (4,2) 

(4,2) 

(1,2) (1,9) 
(1,2) 
(3,4) 

(2,2) 
(2,4) 
(1,3) (2,7) 
(4,11) 


(1,8) (3,5) (5,2) 

(2,10) (3,3) 
(2,2) 
(4,2) 



(5,2) 

(1,2) 

(5,2) 
(1,10) 
(5,2) 

(1,2) 

(3,2) (3,15) 

(3,4) 

(1,2) (2,2) (4,2) (5,2) 

(2,2) 

(1,2) (4,2) (5,2) (6,2) 

(2,2) 

(3,9) (5,3) 
(3,6) 
(1,10) (4,2) 
(1,9) 
(1,3) (2,8) (3,3) 
(2,7) 
(1,2) (3,7) (4,2) 
(3,6) 
(1,4) (2,4) 

(1,2) (4,2) 



(1,2) 

(1,5) 


(1,11) 
(1,17) (3,10) 

(3,2) 

(1,2) 

(1,4) (3,4) 

(3,2) (4,2) 

(1,12) (3,8) (6,8) 

(2,3) 

(2,4) 
(2,4) 
(1,3) (4,3) (5,3) 

(4,7) 

(1,6) (2,2) 

(2,8) 
(2,5) 
(1,2) (2,5) 
(2,11) 
(1,2) (2,10) 
(2,8) 


(1,2) 
(1,11) 
(1,4) (3,8) 
(3,16) 
(1,2) 

(1,3) 
(3,12) 
(1,6) (3,2) (5,2) 
(1,9) (3,2) (5,2) 
(2,4) (3,4) 

(1,2) (3,2) 



(4,7) 

(4,4) 

(4,4) 

(4,2) (5,2) 
(4,5) (5,5) 
(2,4) 

(3,3) 

(1,2) (4,2) (5,2) (6,2) 

(1,2) (4,2) (5,2) (6,2) 
(1,4) (4,4) (5,4) (6,4) 


(1,2) (1,10) 

(2,2) (2,7) 

(2,2) (3,2) 
(2,20) (2,27) (3,20) (3,27) 


(2,2) 

(3,4) (3,9) 

(1,2) (1,9) 


(2,2) (2,7) 

(1,12) 
(1,2) (2,2) (4,2) (5,2) 

(1,2) (1,3) (2,2) (2,3) (4,2) (4,3) (5,2) (5,3) 

(1,2) (2,2) (3,2) (4,2) 
(1,5) (2,5) (3,5) (4,5) 
(2,2) (5,2) (7,2) 

(2,2) (4,7) 
(4,12) 
(2,2) 


(4,2) 


(4,2) (4,5) 

(1,2) 

(3,2) 

(2,2) 

(1,2) 

(4,2) (4,5) 

(4,2) 

(2,4) (4,4) 

(4,3) (5,3) 
(4,2) (5,2) 
(2,2) (2,12) (3,2) (3,12) 

(1,4) 
(1,4) 
(3,9) (5,4) 
(2,3) (3,7) 
(1,2) 



(6,2) 
(6,4) 
(5,2) 

(3,4) (6,4) (7,4) 



(2,2) 

(1,2) (5,2) 


(1,3) (3,3) 


(3,3) 



(3,2) 


(2,4) 
(2,8) 
(2,10) 


(1,2) (1,9) (5,2) (5,9) 

(3,2) (4,2) 


(4,7) (5,7) 
(2,2) 

(4,2) 

(2,7) (3,7) (5,2) (6,2) 

(4,2) 

(2,2) 

(5,2) 

(1,2) (2,2) (7,2) (8,2) (9,2) 

(1,2) (1,7) (2,11) (3,2) (3,7) (6,2) (6,7) (7,2) (7,7) 
(2,15) 
(4,7) 
(4,11) 
(5,4) 

(5,2) 
(5,14) 
(2,2) 

(3,2) (4,2) 

(3,2) 

(3,2) 

(3,2) 

(3,2) 
(2,5) 
(2,2) (2,3) (3,2) (3,3) 

(1,2) (2,2) (3,2) 



(1,4) 

(3,2) 
(1,5) 
(1,2) (2,2) (6,2) 

(2,4) (3,4) (4,4) 
(2,4) (3,4) (4,4) 
(1,3) (3,3) (4,3) 



(1,3) 

(2,2) 



(1,2) (2,2) 



(5,4) 

(1,2) 

(2,2) 





(2,6) (3,6) (4,2) 

(3,3) 
(1,15) (2,15) (3,9) 
(1,13) (2,13) (3,4) 

(3,2) 

(1,7) (4,2) 

(4,2) 

(4,2) 

(4,7) 

(4,3) 
(4,6) 
(3,4) (3,10) 

(1,4) 

(3,2) 

(1,2) (4,2) 

(2,2) (3,2) 

(1,9) (1,16) (4,4) (5,9) (5,16) 
(1,15) (5,15) 
(4,2) (4,5) 

(1,2) (5,2) 

(1,3) (2,3) (5,3) 

(1,2) (3,2) 

(1,3) (3,3) 

(2,4) 

(1,2) (4,2) 

(3,2) 

(3,4) 
(3,9) 
(3,2) 

(1,2) (3,2) 

(2,4) (3,4) 
(4,7) 
(3,2) (3,6) 

(1,2) (3,2) 
(5,3) 
(3,2) 

(3,2) 

(1,2) 

(1,4) (4,4) 
(1,10) (4,10) 
(1,2) (2,2) 

(1,2) (3,2) 

(3,2) (5,2) 

(1,2) (2,2) 

(2,7) 
(2,12) 
(1,12) (3,5) 
(1,21) (3,3) 
(1,8) (3,2) 
(1,13) 


(3,2) (4,8) 
(4,9) 
(3,11) 

(6,2) 

(3,2) 

(3,2) 

(1,1) 
(1,7) 




(2,2) 

(4,2) 

(1,2) (5,2) 

(1,2) (5,2) 

(2,2) (3,6) 

(2,2) 

(2,4) (3,7) 
(3,4) 
(4,2) 

(1,2) 

(2,4) 
(2,6) 
(5,6) 

(4,3) 
(4,10) 
(2,2) 

(3,3) 
(3,4) 
(4,2) 

(3,2) (3,9) 

(2,4) 

(4,2) (6,2) (9,2) 
(4,6) (5,11) (6,6) (9,6) 
(3,2) 

(3,2) (6,2) (7,2) 
(3,3) (6,3) (7,3) 

(1,16) (5,11) 
(1,2) 

(2,2) (5,2) 

(1,2) (4,2) 

(2,2) 
(1,9) 
(3,2) 

(1,3) 
(1,2) 
(1,6) (2,2) 
(1,4) 
(2,2) 
(2,6) 
(4,3) 

(2,2) 

(1,8) 

(1,2) 

(3,2) 

(3,2) 
(1,14) 
(4,5) 
(4,4) 
(1,2) 

(2,2) 

(4,7) 

(1,2) (1,5) (3,2) (3,5) (4,2) (4,5) 



(1,2) (3,2) 

(2,2) 

(2,2) 

(1,3) 

(1,2) (4,2) 

(1,2) (2,2) 

(1,2) (2,2) 


(1,5) 
(3,2) 
(3,3) 
(3,2) 

(3,2) 

(4,2) 



(4,4) (5,4) (6,4) 

(1,2) (2,2) (7,2) 
(1,2) (2,2) (7,2) 
(1,2) (2,2) (8,2) 
(1,2) (1,8) (2,2) (2,8) (8,2) (8,8) 
(3,3) 

(3,2) 

(2,2) 

(2,2) (2,10) 

(2,2) 
(2,7) 
(1,3) (4,3) (5,3) 

(1,4) (4,4) 

(1,9) (2,9) (3,9) (4,3) (5,3) (6,3) 
(4,2) (5,2) (6,2) 
(4,2) (5,2) (6,2) 

(4,2) (5,2) (6,2) 

(3,7) (5,2) 
(3,7) 
(3,2) (5,8) 

(5,5) 

(1,2) (4,18) 
(4,22) 
(3,7) 
(3,7) 
(2,9) (3,3) (4,3) 
(2,5) 
(4,2) 

(3,15) (5,4) 



(1,2) (2,7) (4,2) 
(2,7) (3,3) 
(3,2) 

(2,2) 

(3,7) 

(2,2) 

(1,5) (3,11) 

(1,2) 

(3,4) (4,22) 
(3,2) (3,10) (4,17) 
(2,4) (3,8) 
(3,8) 
(1,3) (2,3) (3,10) (6,3) 
(3,14) 
(1,3) (4,3) 

(1,2) (4,2) 

(4,4) 

(4,2) 

(1,7) 

(1,2) 
(1,13) 
(1,2) 

(2,6) 
(4,2) 
(4,4) 

(2,2) 
(2,5) (2,18) 


(4,2) (5,2) 

(1,3) 



(3,2) (3,6) 
(3,8) 
(1,2) (4,2) 

(3,4) (4,4) 



(1,2) 

(2,9) 

(2,2) 

(6,5) 
(6,15) 
(2,2) 

(1,2) (3,9) 
(3,11) 
(3,3) 



(6,2) 


(4,2) 
(1,2) (2,6) (3,2) (4,2) 

(2,2) 
(2,2) 
(4,2) (4,6) 

(4,4) 

(1,2) (3,2) (7,2) (9,2) 
(1,4) (1,7) (3,4) (3,7) (7,4) (7,7) (9,4) (9,7) 
(4,2) (5,2) (6,2) 

(1,2) (2,2) 

(2,3) (2,10) (3,3) (3,10) (7,3) (7,10) 

(2,2) (3,2) (7,2) 

(3,2) 

(2,3) 



(5,2) (6,2) 



(2,4) (5,4) (6,4) 

(2,4) (3,4) (4,4) 

(1,2) (4,2) 

(2,2) (5,2) 

(4,2) (6,2) 

(3,2) 
(1,6) 
(3,2) 

(2,2) (3,2) (5,2) 
(4,5) 
(1,7) (2,4) (3,4) 
(1,9) 


(4,2) 

(3,2) 

(4,3) 

(1,2) 

(1,4) 

(1,7) (3,2) 

(3,2) 
(3,3) (3,8) 
(2,2) (2,6) 

(1,2) (2,9) 
(2,7) 
(2,2) 

(3,4) 
(3,6) 
(3,2) 

(4,4) 

(7,2) 

(1,2) (2,2) (4,2) 

(2,2) (4,2) (5,2) (8,2) 

(1,3) (3,3) (5,3) (6,3) 
(1,6) (3,6) (5,6) (6,6) 
(1,2) (3,2) (7,2) (10,2) (11,2) 

(1,2) (2,2) (3,2) (4,2) (6,2) 

(2,8) (3,4) (4,4) 
(3,15) (4,15) 
(2,2) (3,2) 
(2,4) (3,4) 
(2,2) 
(2,2) 
(3,4) 
(3,8) 
(2,2) 
(2,4) 
(4,3) 

(4,2) 

(4,2) 

(1,2) (2,2) (3,2) 

(1,2) (4,2) (6,2) 

(2,4) (3,4) (5,4) 

(1,4) 
(1,4) 
(2,5) (3,10) 

(1,2) (4,2) (6,2) 

(1,2) (4,8) (5,2) 
(4,9) 
(3,2) (3,6) (4,2) (4,6) (5,9) 
(5,14) 
(1,7) 

(1,2) 

(1,4) 

(2,2) 
(2,3) (2,6) 
(3,3) 

(5,2) 

(1,2) (2,2) (6,2) 

(1,2) 

(1,2) (4,2) 

(4,2) 

(3,10) (4,3) 

(2,3) 

(2,2) 

(3,6) (4,2) 

(4,4) 
(4,2) 
(3,4) 
(2,4) 
(4,2) 

(2,2) 

(1,18) (3,4) (4,4) (5,4) 
(1,21) 
(2,2) 

(4,2) 

(2,2) 

(4,2) (5,2) 
(4,4) (5,4) 
(3,2) (5,2) 
(3,2) (5,2) 
(1,4) (3,4) 



(1,2) (2,5) 
(1,5) 
(2,4) (3,4) 



(2,2) 

(1,5) 
(2,8) 


(4,2) 
(1,6) 
(4,2) 
(4,8) 
(1,2) 

(3,2) 

(1,2) 

(3,3) 
(3,3) 
(3,3) 

(4,2) 
(4,3) 
(5,2) (6,2) 
(5,11) (6,11) 
(2,2) 



(4,4) 

(4,2) 

(2,2) 

(2,2) 

(2,3) 

(3,2) 

(3,2) 

(3,2) 

(3,2) 

(3,4) 



(2,2) (3,2) 

(4,2) 

(4,3) 

(2,2) 

(1,2) 

(4,2) 

(3,2) (3,6) 
(3,2) 
(2,4) 


(4,23) (5,23) (6,23) 


(3,11) (7,3) 
(7,3) 
(3,2) 

(3,5) (4,2) 
(3,8) 
(3,2) 

(2,2) (2,3) 

(2,2) 
(3,17) 
(1,2) (3,2) (4,2) 

(1,2) (3,2) (4,2) 

(1,2) (4,2) (5,2) 

(4,3) 

(2,3) (3,7) 

(4,2) 
(1,7) 
(4,2) 
(4,2) 
(1,4) 

(1,2) 

(2,4) (5,4) 

(4,2) 

(1,2) 

(1,3) (2,8) 

(5,2) 

(3,2) 

(5,2) 

(2,4) 
(1,7) 
(1,2) (6,2) 
(1,4) (6,4) 
(1,2) (2,2) (4,2) (5,2) (6,2) 

(2,2) 

(8,3) (8,11) (8,17) 

(2,4) 

(1,15) (3,4) 

(3,4) 
(3,16) 
(1,3) (2,3) (3,3) 
(1,4) (2,4) (3,4) 
(1,4) 

(2,3) (4,3) 

(1,2) (1,11) 

(3,5) 

(3,2) 

(2,2) 
(1,5) 
(2,2) 

(1,11) (2,7) 
(1,4) 
(2,2) 

(3,4) 

(2,6) 
(2,11) (3,13) (4,13) 
(1,6) (2,2) 





(4,2) 

(3,2) 

(2,7) (4,2) 

(3,3) 

(1,2) 

(1,2) 

(1,3) 

(1,2) 

(1,2) 

(1,2) 
(1,2) (1,7) 
(1,2) (1,8) 

(1,2) 
(4,7) 
(2,7) (3,2) 
(2,7) (3,2) 
(2,2) 

(3,2) 

(2,12) (4,2) 
(2,8) (4,2) 
(2,2) 

(4,2) 
(4,6) 




(1,8) (2,8) (3,8) (4,8) 



(1,2) 

(1,4) 

(1,2) 

(3,7) 

(5,2) 

(2,2) 

(1,2) (4,2) 

(1,2) 

(1,2) (2,8) (3,2) 

(1,7) (2,2) (3,2) (4,2) 
(1,16) 
(1,2) (1,8) (2,2) (2,8) (3,2) (3,8) 

(1,2) 

(3,2) 
(3,2) (3,5) 
(3,2) 
(3,4) 
(1,5) (3,5) (4,5) 

(3,2) 
(3,12) 
(3,2) 

(3,2) 





(3,2) 



(1,2) 


(2,2) 
(4,2) 
(3,6) 
(2,2) (4,2) 

(2,2) (4,2) 

(3,2) 
(1,9) (4,9) 
(3,4) 

(3,2) 

(2,2) 

(1,2) (7,2) 
(6,5) 
(3,2) (3,6) 

(1,2) 

(3,4) 

(2,2) 



(1,5) (2,8) 

(1,4) (2,7) 

(1,2) 

(1,2) 



(2,4) 

(4,2) 

(2,4) 

(1,2) 

(1,2) 

(1,2) 

(3,2) 
(3,11) 
(2,2) 


(5,2) 


(4,2) 



(2,6) (2,14) (3,4) (4,4) 

(1,2) 



(2,3) (3,3) 

(3,2) 

(2,2) 

(2,2) 
(2,2) 
(3,8) (3,19) 

(1,2) 

(2,2) 

(3,2) 







(3,2) (5,2) 
(3,10) (3,11) (5,10) (5,11) 
(1,2) (3,2) 

(1,2) (3,2) 
(1,5) (1,9) (3,5) (3,9) 
(3,2) 



(2,2) (3,2) (5,2) (6,2) (7,2) 

(3,2) (4,2) 

(3,4) 
(2,18) (3,2) 
(1,2) 



(2,2) (2,4) 
(2,2) 
(2,2) 

(2,2) 

(2,2) 
(2,4) 
(1,2) (4,2) 

(2,2) 

(2,2) 



(2,2) 

(3,2) 

(3,2) 

(2,6) (3,2) 


(1,8) (5,8) (6,8) 


(3,2) 

(1,2) (2,2) 

(1,6) (3,2) (4,2) 

(3,5) 

(2,2) 

(3,2) 

(1,4) (3,4) 

(2,2) 

(2,2) 
(1,7) 


(3,2) 

(4,2) 

(5,3) 

(2,2) 

(2,4) 

(2,2) 

(1,2) 
(1,2) 
(2,4) 

(1,2) 

(2,2) 

(1,3) (2,3) 

(1,4) (2,4) 

(2,2) (3,2) 
(2,6) (3,6) 
(2,4) 
(2,12) (2,18) 
(1,2) 

(4,2) 

(2,2) 

(3,2) 

(2,5) 

(1,8) 

(3,2) 

(1,3) (2,3) 

(2,2) (6,2) (7,2) 

(1,3) (5,3) (6,3) 

(2,2) 

(3,2) 


(3,5) 
(2,2) 

(2,2) 

(1,2) 

(2,4) 

(4,2) 

(3,4) 

(3,2) 



(5,4) 

(1,7) (3,2) 

(1,2) 

(2,4) 



(2,7) (3,2) 
(2,12) 
(1,2) (4,12) 
(4,12) 
(4,2) 

(2,2) 

(2,4) 
(2,6) 
(1,2) 

(1,2) 



(1,13) (3,2) 
(3,4) 
(4,3) 

(2,2) 

(2,3) 

(2,2) 



(1,2) 

(2,4) (7,4) (8,4) 

(1,4) 

(2,2) 

(2,4) (3,9) 

(1,2) 

(1,4) (1,7) 

(1,2) 

(2,2) (2,4) (2,13) 

(2,4) (3,4) (4,4) 

(2,2) (3,2) 

(1,2) 



(2,3) 

(2,7) 

(2,2) 

(1,2) 

(1,4) 



(1,2) 

(1,2) 
(1,4) 
(2,2) 

(2,3) (3,3) 

(2,2) (3,2) 

(1,2) 

(1,2) 

(1,2) 
(2,7) 
(3,8) 
(3,15) 
(1,4) (2,4) 

(2,2) (3,2) 

(1,2) 





(2,2) 

(1,2) 

(4,2) 

(1,2) 



(1,2) (4,2) (5,10) 
(5,16) 
(2,5) 

(4,7) 
(4,8) 


(1,4) 



(2,2) 
(2,2) 
(4,2) 


(1,8) (2,8) (3,8) 
(4,8) (5,4) 
(4,14) 

(1,7) (2,7) (5,7) 
(3,2) 

(2,2) 

(1,4) 

(2,4) (4,4) 
(2,8) (4,8) 
(2,3) (2,10) 

(1,3) (2,3) 

(1,2) (2,2) 



(4,2) 
(4,6) 
(3,2) 

(3,2) 
(3,2) 
(2,2) 
(2,2) (2,10) 
(2,3) 


(2,4) 
(5,2) 

(5,2) 



(1,6) (2,2) 

(2,4) (4,4) 
(2,4) (2,7) (4,4) (4,7) 


(1,2) 

(2,2) (2,5) (3,2) (3,5) 
(2,2) (3,2) 


(2,2) (3,2) 

(4,3) 

(4,2) 

(2,2) 

(1,2) (2,2) 

(2,4) (2,12) (3,4) (3,12) 
(7,9) 
(2,2) (4,2) 



(3,8) 

(1,2) (4,2) 

(1,2) 

(2,2) 

(1,8) (2,3) 

(3,3) 

(1,2) 

(1,2) 

(5,2) 

(1,2) (1,9) 
(1,4) 
(1,2) 

(5,9) (7,2) 
(3,9) 
(3,2) 

(4,2) 
(1,8) 
(3,2) 



(2,2) (3,2) 

(2,2) 

(1,6) 
(1,8) 
(1,2) 

(2,4) 

(2,2) 



(2,7) (3,14) 

(2,2) 
(1,6) 
(1,8) (5,2) 
(1,8) (3,6) 
(2,3) (3,6) 
(3,8) 
(2,2) 

(2,2) 



(2,3) 
(2,4) 




(1,6) 

(1,6) (3,2) 

(1,2) (2,6) 

(2,2) 

(1,2) 

(2,7) 

(3,3) 

(3,3) 

(2,2) 

(3,2) (4,2) 

(2,2) 

(3,2) (4,2) 

(1,3) 

(1,2) 


(1,2) 
(1,2) 



(1,2) (2,2) 

(2,2) 


(1,3) 


(2,3) 

(1,2) 

(1,4) 

(3,17) (4,2) 
(3,15) 
(1,13) 
(1,7) 
(3,8) (4,3) 
(3,20) 


(4,2) 

(1,11) (3,3) 
(1,2) (1,3) 
(3,2) 

(1,4) 

(3,2) 

(2,2) 
(2,10) 
(5,22) 
(2,11) (3,11) (5,12) 
(4,13) 
(2,2) (3,2) (4,17) 
(2,8) 
(2,13) 
(1,2) (2,2) 

(1,4) 

(2,13) 

(5,2) 

(1,11) (2,4) 
(2,10) 


(3,13) (4,4) 
(3,16) 
(1,9) 

(1,4) 
(4,3) 
(1,2) (1,5) (2,2) (2,5) (3,2) (3,5) (5,2) (5,5) 

(2,2) 



(2,2) (3,2) 

(2,2) 

(2,2) (2,6) (3,2) (3,6) 

(2,2) (3,2) 
(2,9) (3,9) 
(2,2) 
(2,6) 
(1,4) (2,4) 

(4,2) 
(1,9) 
(1,2) (2,2) (4,2) 
(1,6) (2,6) (4,6) 
(2,2) 

(2,2) 



(2,3) (4,3) 



(2,2) 

(1,2) (5,2) 
(3,4) 


(1,2) (2,2) (3,2) (4,2) (5,2) (6,2) 

(1,2) 

(1,4) (3,10) (4,4) (5,7) 
(3,2) 
(1,2) 

(7,3) 
(1,3) 
(4,2) 
(4,3) 
(3,2) 

(3,4) 

(3,3) 

(4,2) 

(2,2) 

(2,3) 

(5,2) 

(1,6) (2,2) 

(5,2) 

(2,2) 

(4,2) 

(3,6) 
(2,6) 
(1,6) (2,2) 

(3,2) 

(2,2) 
(2,2) 


(1,2) 

(3,2) 

(4,2) 

(4,2) (5,2) (6,2) 





(2,7) 

(2,4) 

(2,2) 

(1,2) 
(1,4) 


